<?xml version="1.0" encoding="utf-8" ?>
<kml xmlns="http://www.opengis.net/kml/2.2">
<Document id="root_doc">
<Schema name="OGRGeoJSON" id="OGRGeoJSON">
	<SimpleField name="NAMA_DES" type="string"></SimpleField>
	<SimpleField name="NAMA_KEC" type="string"></SimpleField>
	<SimpleField name="LUAS" type="float"></SimpleField>
	<SimpleField name="Nama Petak" type="string"></SimpleField>
</Schema>
<Folder><name>OGRGeoJSON</name>
  <Placemark>
	<Style><LineStyle><color>ff0000ff</color></LineStyle><PolyStyle><fill>0</fill></PolyStyle></Style>
	<ExtendedData><SchemaData schemaUrl="#OGRGeoJSON">
		<SimpleData name="NAMA_DES">DUREN</SimpleData>
		<SimpleData name="NAMA_KEC">KLAKAH</SimpleData>
		<SimpleData name="LUAS">536</SimpleData>
		<SimpleData name="Nama Petak">E</SimpleData>
	</SchemaData></ExtendedData>
      <MultiGeometry><Polygon><outerBoundaryIs><LinearRing><coordinates>113.310469811700003,-8.0127854429 113.310317993200002,-8.0125865936 113.310142517100005,-8.012299537700001 113.310020446799996,-8.012068748500001 113.309959411600005,-8.011894226100001 113.309844970699999,-8.011606216400001 113.309837341299996,-8.011375427200001 113.309837341299996,-8.0111436844 113.3099441528,-8.0107393265 113.310058593799994,-8.0105066299 113.3101730347,-8.0103321075 113.310287475600006,-8.010041236899999 113.310516357400004,-8.009634971600001 113.310752868700007,-8.009227752699999 113.311035156299994,-8.008878707899999 113.311317443899995,-8.008471489 113.311546325699993,-8.008180618300001 113.311782836899994,-8.0080051422 113.312004089400006,-8.0076560974 113.312118530299998,-8.007424354599999 113.312294006399995,-8.0071325302 113.312515258800005,-8.006669044500001 113.312622070299994,-8.006319999700001 113.312675476099997,-8.0061454773 113.312675476099997,-8.0057983398 113.312736511200001,-8.005509376499999 113.312675476099997,-8.0053358078 113.312614440900006,-8.0048742294 113.312606811500004,-8.004527092 113.3125457764,-8.0042963028 113.312431335499994,-8.0041236877 113.312255859399997,-8.0039510727 113.312172389699995,-8.003869417600001 113.313163019599997,-8.003578084100001 113.317641472800005,-8.002135175199999 113.321929191099997,-8.0016964851 113.327201101100002,-8.002356427600001 113.329489918700006,-8.002731221499999 113.331382007900004,-8.004055874800001 113.331786365699998,-8.0050705841 113.332640857599998,-8.006420032899999 113.333800525200004,-8.0074747964 113.334708422899993,-8.008531467299999 113.334952563399995,-8.0097836414 113.334296435699997,-8.010980502300001 113.33338853799999,-8.011929408 113.332198352899994,-8.012714281799999 113.330786915299996,-8.0134591012 113.329810353100001,-8.014408960600001 113.329077931499995,-8.016307725700001 113.328017446,-8.015052690599999 113.326606008400006,-8.014000788100001 113.325286123599994,-8.0132407098 113.322470877900003,-8.011909380800001 113.321250175200007,-8.0114191924 113.319197868700002,-8.0110634719 113.316436028799998,-8.011069194 113.313430048300006,-8.0116824064 113.310698725899996,-8.0126704127 113.310469811700003,-8.0127854429</coordinates></LinearRing></outerBoundaryIs></Polygon><Polygon><outerBoundaryIs><LinearRing><coordinates>113.308452141,-8.004963479300001 113.308433532699993,-8.005023956300001 113.308258056599996,-8.005257606500001 113.307975769,-8.005317688 113.307800293,-8.0053195953 113.307611518499996,-8.005210687 113.308452141,-8.004963479300001</coordinates></LinearRing></outerBoundaryIs></Polygon></MultiGeometry>
      <Style> 
  <PolyStyle>  
   <color>#a00000ff</color>
  <outline>0</outline>
  </PolyStyle> 
 </Style>
  </Placemark>
  <Placemark>
	<Style><LineStyle><color>ff0000ff</color></LineStyle><PolyStyle><fill>0</fill></PolyStyle></Style>
	<ExtendedData><SchemaData schemaUrl="#OGRGeoJSON">
		<SimpleData name="NAMA_DES">PAPRINGAN</SimpleData>
		<SimpleData name="NAMA_KEC">KLAKAH</SimpleData>
		<SimpleData name="LUAS">552</SimpleData>
		<SimpleData name="Nama Petak">C</SimpleData>
	</SchemaData></ExtendedData>
      <MultiGeometry><Polygon><outerBoundaryIs><LinearRing><coordinates>113.312172389699995,-8.003869417600001 113.3120803833,-8.0037794113 113.311843872099999,-8.0036659241 113.311668396,-8.003551483200001 113.311492919900004,-8.0034370422 113.311264038100006,-8.003381729099999 113.310974121100003,-8.003325462299999 113.310684204099999,-8.0032701492 113.310394287099996,-8.003273010299999 113.310218811,-8.003274917600001 113.309982299799998,-8.0032758713 113.309753418,-8.0032787323 113.309577941900002,-8.0033369064 113.309410095199993,-8.003338813799999 113.309234619099996,-8.0033988953 113.309005737299998,-8.0035161972 113.308830261200001,-8.003575325 113.308601379400002,-8.003633499099999 113.308425903300005,-8.003750801100001 113.308425903300005,-8.003982543899999 113.308486938499996,-8.0043296814 113.308486938499996,-8.004850387599999 113.308452141,-8.004963479300001 113.307611518499996,-8.005210687 113.307502746599994,-8.005147934 113.307327270499997,-8.0050325394 113.307273864799996,-8.0048599243 113.307151794399999,-8.0046882629 113.307037353499993,-8.004399299599999 113.306922912600001,-8.0040531158 113.306793212900004,-8.0038814545 113.306678772,-8.0037088394 113.306617736800007,-8.003477096599999 113.306495666499998,-8.0032463074 113.306320190400001,-8.0029592514 113.306205749499995,-8.0026712418 113.3060836792,-8.002441406299999 113.306022644,-8.002210617099999 113.305961608900006,-8.001978874200001 113.305961608900006,-8.001746177699999 113.305953979500003,-8.0015153885 113.305953979500003,-8.0012264252 113.305946350100001,-8.0008792877 113.305946350100001,-8.0004739761 113.305946350100001,-8.000127792400001 113.305946350100001,-7.999838829 113.305885314899996,-7.9996080399 113.305824279800007,-7.9992604256 113.305816650400004,-7.998913765 113.305755615199999,-7.9986248016 113.305686950699993,-7.998336792 113.305625915500002,-7.9980473518 113.305564880399999,-7.9977588654 113.305450439500007,-7.9974708557 113.305381774899999,-7.9971241951 113.305320739799996,-7.9968929291 113.305374145499997,-7.9964294434 113.305374145499997,-7.9960255623 113.305374145499997,-7.995619297 113.305427551299999,-7.9952139854 113.305480957,-7.9948086739 113.30559539799999,-7.9943451881 113.305648803699995,-7.9939398766 113.305702209499998,-7.9935917854 113.305809021,-7.9931864738 113.305923461899994,-7.99289608 113.305976867699997,-7.9926638603 113.3060379028,-7.9924902916 113.306155454800006,-7.9921650201 113.313063837499996,-7.9918979608 113.31684801599999,-7.9918407404 113.320960258400007,-7.9930132827 113.326950698800005,-7.9952402593 113.326965332,-7.995267868 113.32707977299999,-7.9954404831 113.327201843300003,-7.9956712723 113.327323913599997,-7.9958438873 113.327438354500003,-7.9960741997 113.327499389699994,-7.9962463379 113.327613830600001,-7.9964199066 113.327682495100007,-7.9965929985 113.327796936,-7.9969964027 113.327857971200004,-7.9972276688 113.327919006399995,-7.9975743294 113.327980041499998,-7.9977474213 113.328041076700003,-7.9981517792 113.328048706100006,-7.9984407425 113.328109741199995,-7.9986715317 113.328109741199995,-7.9989037514 113.3281707764,-7.9990768433 113.3281707764,-7.9993076324 113.328231811500004,-7.9995384216 113.328353881799998,-7.9997692108 113.328407287600001,-7.9999423027 113.328529357899995,-8.0001153946 113.328704834,-8.000460624700001 113.328826904300001,-8.0006914139 113.329002380399999,-8.000921249399999 113.329177856399994,-8.0011510849 113.329414367699997,-8.001437187200001 113.329582214400006,-8.001668930099999 113.329879760699995,-8.0018968582 113.330055236800007,-8.0020122528 113.330230712900004,-8.0021257401 113.330467224100005,-8.0022392273 113.330696106,-8.002352714500001 113.330932617200006,-8.0024671555 113.331108093300003,-8.0025243759 113.331336975100001,-8.0026369095 113.331573486300002,-8.0027503967 113.331748962399999,-8.002864837600001 113.331924438499996,-8.003036499 113.332099914599993,-8.003209114100001 113.3324508667,-8.0035533905 113.332626342799998,-8.003783226 113.332856017500006,-8.004006418 113.331382007900004,-8.004055874800001 113.329489918700006,-8.002731221499999 113.327201101100002,-8.002356427600001 113.321929191099997,-8.0016964851 113.317641472800005,-8.002135175199999 113.313163019599997,-8.003578084100001 113.312172389699995,-8.003869417600001</coordinates></LinearRing></outerBoundaryIs></Polygon></MultiGeometry>
  </Placemark>
  <Placemark>
	<Style><LineStyle><color>ff0000ff</color></LineStyle><PolyStyle><fill>0</fill></PolyStyle></Style>
	<ExtendedData><SchemaData schemaUrl="#OGRGeoJSON">
		<SimpleData name="NAMA_DES">SUMBERPETUNG</SimpleData>
		<SimpleData name="NAMA_KEC">RANUYOSO</SimpleData>
		<SimpleData name="LUAS">285</SimpleData>
		<SimpleData name="Nama Petak">A</SimpleData>
	</SchemaData></ExtendedData>
      <MultiGeometry><Polygon><outerBoundaryIs><LinearRing><coordinates>113.306155454800006,-7.9921650201 113.306205749499995,-7.9920258522 113.306320190400001,-7.9916782379 113.306488037099996,-7.991271019 113.3065948486,-7.9908657074 113.306770324699997,-7.9905171394 113.306877136200001,-7.9902267456 113.306991577199994,-7.9899940491 113.307052612299998,-7.9898204803 113.307159423800002,-7.9895877838 113.307212829600005,-7.9892406464 113.3071975708,-7.986811161 113.307136535599994,-7.9865217209 113.3070144653,-7.9861755371 113.306953430199997,-7.9858865738 113.306892395,-7.9855971336 113.306770324699997,-7.985309124 113.306648254400002,-7.9850788116 113.306587219199997,-7.9847326279 113.306526184099994,-7.9845013618 113.306404113799999,-7.9842710495 113.306343078599994,-7.983923912 113.306167602499997,-7.9834623337 113.306053161600005,-7.983001709 113.305931091299996,-7.9825959206 113.305809021,-7.9822506905 113.305694580099996,-7.9820199013 113.305519104,-7.9817905426 113.305380978,-7.9815729223 113.307044247199997,-7.9815916051 113.311850764200003,-7.9815873136 113.318045830599999,-7.9815901746 113.322517862400005,-7.9818602787 113.322593689,-7.982111454 113.322769165,-7.9824571609 113.322883606,-7.9828033447 113.322998046899997,-7.983092308 113.323059082,-7.9833812714 113.323181152299995,-7.9835534096 113.3232421875,-7.9837841988 113.323417663599997,-7.9840722084 113.323593139699994,-7.984360218 113.323768615700004,-7.9845900536 113.323944091800001,-7.9848203659 113.324180603,-7.9850492477 113.324356079099999,-7.9853377342 113.324539184599999,-7.9857411385 113.32472229,-7.985970974 113.324844360399993,-7.9862589836 113.324905395499997,-7.9864897728 113.324966430700002,-7.9868373871 113.325027465800005,-7.9871835709 113.325027465800005,-7.9875302315 113.325027465800005,-7.9878201485 113.325027465800005,-7.9880514145 113.324974060100004,-7.9882831573 113.324974060100004,-7.9885721207 113.324806213399995,-7.9889211655 113.324752807600007,-7.989153862 113.324691772500003,-7.989385128 113.324577331499995,-7.9895596504 113.324523925799994,-7.9897913933 113.32447052,-7.9900808334 113.324356079099999,-7.99031353 113.324302673299997,-7.9904870987 113.324302673299997,-7.9907188416 113.324249267599996,-7.9909510612 113.324195861800007,-7.991355896 113.324195861800007,-7.9917035103 113.324256897,-7.9919929504 113.324310302699999,-7.9922242165 113.324386596699995,-7.9925699234 113.324501037600001,-7.9928007126 113.324676513699998,-7.9930882454 113.324851989799996,-7.9932599068 113.325027465800005,-7.9933738708 113.3251495361,-7.9935469627 113.325386047400002,-7.9937181473 113.325561523399998,-7.9938335419 113.325675964400006,-7.9940056801 113.325851440400001,-7.994120121 113.326026916499998,-7.9942922592 113.326316833500002,-7.9945788383 113.326492309599999,-7.9947514534 113.326667785599994,-7.9948654175 113.326843261700006,-7.9950375557 113.326950698800005,-7.9952402593 113.320960258400007,-7.9930132827 113.31684801599999,-7.9918407404 113.313063837499996,-7.9918979608 113.306155454800006,-7.9921650201</coordinates></LinearRing></outerBoundaryIs></Polygon></MultiGeometry>
  </Placemark>
  <Placemark>
	<Style><LineStyle><color>ff0000ff</color></LineStyle><PolyStyle><fill>0</fill></PolyStyle></Style>
	<ExtendedData><SchemaData schemaUrl="#OGRGeoJSON">
		<SimpleData name="NAMA_DES">SUMBERWRINGIN</SimpleData>
		<SimpleData name="NAMA_KEC">KLAKAH</SimpleData>
		<SimpleData name="LUAS">101</SimpleData>
		<SimpleData name="Nama Petak">F</SimpleData>
	</SchemaData></ExtendedData>
      <MultiGeometry><Polygon><outerBoundaryIs><LinearRing><coordinates>113.358179357099999,-8.011540074399999 113.357971191399997,-8.011500358599999 113.357742309599999,-8.0114450455 113.357452392599996,-8.011388778700001 113.357215881399995,-8.0113334656 113.356925964400006,-8.011278152499999 113.356636047400002,-8.011164665200001 113.356460571300005,-8.011108398399999 113.355995178200004,-8.010996818500001 113.355819702199994,-8.0109395981 113.355529785200005,-8.0108852386 113.355178833,-8.0108299255 113.354827880900004,-8.010716438299999 113.354530334499998,-8.0106611252 113.354125976600002,-8.0106067657 113.353775024399994,-8.0105524063 113.353485107400004,-8.0104389191 113.353195190400001,-8.010439872699999 113.352851867699997,-8.010385513299999 113.352500915500002,-8.0103883743 113.352096557600007,-8.010392189 113.351860046400006,-8.010394096400001 113.351570129400002,-8.010396957399999 113.351165771500007,-8.0103998184 113.350761413599997,-8.010403633099999 113.350418090800005,-8.0104637146 113.350067138699998,-8.010466575600001 113.349838256799998,-8.010468483 113.349548339799995,-8.0105285645 113.349258422899993,-8.010530471799999 113.348907470699999,-8.0106496811 113.34856414799999,-8.010709762599999 113.348098754899993,-8.0107145309 113.347801208500002,-8.010774612400001 113.347221374499995,-8.010779380800001 113.346755981399994,-8.010782241799999 113.346527099599996,-8.0107851028 113.346290588399995,-8.0107870102 113.346000671400006,-8.0107898712 113.345771789599993,-8.010790824900001 113.345542907699993,-8.0107936859 113.345306396500007,-8.0108528137 113.345077514699994,-8.010854721099999 113.344718933099998,-8.0109148026 113.344551086400003,-8.0109167099 113.344314575200002,-8.0109186172 113.344139099100005,-8.010920524599999 113.343963623099995,-8.0108642578 113.343734741199995,-8.010807991 113.343444824200006,-8.010752677899999 113.343154907200002,-8.0106964111 113.342742919900004,-8.0105838776 113.342453002900001,-8.0105295181 113.342102050799994,-8.0103588104 113.341873168899994,-8.010187149 113.341697692899999,-8.0100717545 113.341461181599996,-8.0098428726 113.341285705600001,-8.009671211200001 113.341110229500003,-8.0094985962 113.3408203125,-8.009270668 113.340522766099994,-8.008982658400001 113.340232849100005,-8.0086965561 113.339942932100001,-8.0084676743 113.339767456100006,-8.0082378387 113.33959198,-8.0081233978 113.339408874499995,-8.0079507828 113.339179992699997,-8.0077791214 113.339004516599999,-8.0076065063 113.338653564500007,-8.0074367523 113.338417053200004,-8.0072641373 113.338127136200001,-8.007093429599999 113.337776184099994,-8.006922721900001 113.337425231899999,-8.006810188299999 113.337135314899996,-8.0066976547 113.3369598389,-8.006640434299999 113.336669921899997,-8.006585121200001 113.3364944458,-8.006528854400001 113.336204528799996,-8.0064735413 113.335914611800007,-8.006418228099999 113.335678100600006,-8.0063619614 113.335388183600003,-8.0063076019 113.335159301800005,-8.006250381499999 113.334922790500002,-8.006136894200001 113.334747314500007,-8.0060796738 113.334457397500003,-8.005851745599999 113.3341674805,-8.0056219101 113.3338012695,-8.005162239100001 113.333572387700002,-8.0049324036 113.333450317399993,-8.0047607422 113.333335876500001,-8.0045881271 113.333213806200007,-8.0044164658 113.332984924300007,-8.0041847229 113.332862854,-8.0040130615 113.332856017500006,-8.004006418 113.335105151299999,-8.0039309436 113.33926317,-8.0034521992 113.342032639300001,-8.002694028300001 113.34484788499999,-8.0017479836 113.348548140199995,-7.9990581459 113.356017315,-7.99892034 113.356551372499993,-8.000763792 113.357424805600004,-8.0055188313 113.357341358400006,-8.0059032206 113.357341358400006,-8.0059032206 113.357360894600006,-8.0068038473 113.357360894600006,-8.0068038473 113.357568674199996,-8.007908883200001 113.357568674199996,-8.007908883200001 113.357570122599995,-8.007911606 113.357803229400005,-8.008349840099999 113.357848369099997,-8.008973018500001 113.358179357099999,-8.011540074399999</coordinates></LinearRing></outerBoundaryIs></Polygon></MultiGeometry>
  </Placemark>
  <Placemark>
	<Style><LineStyle><color>ff0000ff</color></LineStyle><PolyStyle><fill>0</fill></PolyStyle></Style>
	<ExtendedData><SchemaData schemaUrl="#OGRGeoJSON">
		<SimpleData name="NAMA_DES">PAPRINGAN</SimpleData>
		<SimpleData name="NAMA_KEC">KLAKAH</SimpleData>
		<SimpleData name="LUAS">273</SimpleData>
		<SimpleData name="Nama Petak">D</SimpleData>
	</SchemaData></ExtendedData>
      <MultiGeometry><Polygon><outerBoundaryIs><LinearRing><coordinates>113.332856017500006,-8.004006418 113.332626342799998,-8.003783226 113.3324508667,-8.0035533905 113.332099914599993,-8.003209114100001 113.331924438499996,-8.003036499 113.331748962399999,-8.002864837600001 113.331573486300002,-8.0027503967 113.331336975100001,-8.0026369095 113.331108093300003,-8.0025243759 113.330932617200006,-8.0024671555 113.330696106,-8.002352714500001 113.330467224100005,-8.0022392273 113.330230712900004,-8.0021257401 113.330055236800007,-8.0020122528 113.329879760699995,-8.0018968582 113.329582214400006,-8.001668930099999 113.329414367699997,-8.001437187200001 113.329177856399994,-8.0011510849 113.329002380399999,-8.000921249399999 113.328826904300001,-8.0006914139 113.328704834,-8.000460624700001 113.328529357899995,-8.0001153946 113.328407287600001,-7.9999423027 113.328353881799998,-7.9997692108 113.328231811500004,-7.9995384216 113.3281707764,-7.9993076324 113.3281707764,-7.9990768433 113.328109741199995,-7.9989037514 113.328109741199995,-7.9986715317 113.328048706100006,-7.9984407425 113.328041076700003,-7.9981517792 113.327980041499998,-7.9977474213 113.327919006399995,-7.9975743294 113.327857971200004,-7.9972276688 113.327796936,-7.9969964027 113.327682495100007,-7.9965929985 113.327613830600001,-7.9964199066 113.327499389699994,-7.9962463379 113.327438354500003,-7.9960741997 113.327323913599997,-7.9958438873 113.327201843300003,-7.9956712723 113.32707977299999,-7.9954404831 113.326965332,-7.995267868 113.326950698800005,-7.9952402593 113.330931873799997,-7.9967202139 113.334502429300002,-7.9982532449 113.337210863500005,-7.9991253799 113.343383041699994,-7.999672312 113.348548140199995,-7.9990581459 113.34484788499999,-8.0017479836 113.342032639300001,-8.002694028300001 113.33926317,-8.0034521992 113.335105151299999,-8.0039309436 113.332856017500006,-8.004006418</coordinates></LinearRing></outerBoundaryIs></Polygon></MultiGeometry>
  </Placemark>
  <Placemark>
	<Style><LineStyle><color>ff0000ff</color></LineStyle><PolyStyle><fill>0</fill></PolyStyle></Style>
	<ExtendedData><SchemaData schemaUrl="#OGRGeoJSON">
		<SimpleData name="NAMA_DES">SUMBERPETUNG</SimpleData>
		<SimpleData name="NAMA_KEC">RANUYOSO</SimpleData>
		<SimpleData name="LUAS">249</SimpleData>
		<SimpleData name="Nama Petak">B</SimpleData>
	</SchemaData></ExtendedData>
      <MultiGeometry><Polygon><outerBoundaryIs><LinearRing><coordinates>113.326950698800005,-7.9952402593 113.326843261700006,-7.9950375557 113.326667785599994,-7.9948654175 113.326492309599999,-7.9947514534 113.326316833500002,-7.9945788383 113.326026916499998,-7.9942922592 113.325851440400001,-7.994120121 113.325675964400006,-7.9940056801 113.325561523399998,-7.9938335419 113.325386047400002,-7.9937181473 113.3251495361,-7.9935469627 113.325027465800005,-7.9933738708 113.324851989799996,-7.9932599068 113.324676513699998,-7.9930882454 113.324501037600001,-7.9928007126 113.324386596699995,-7.9925699234 113.324310302699999,-7.9922242165 113.324256897,-7.9919929504 113.324195861800007,-7.9917035103 113.324195861800007,-7.991355896 113.324249267599996,-7.9909510612 113.324302673299997,-7.9907188416 113.324302673299997,-7.9904870987 113.324356079099999,-7.99031353 113.32447052,-7.9900808334 113.324523925799994,-7.9897913933 113.324577331499995,-7.9895596504 113.324691772500003,-7.989385128 113.324752807600007,-7.989153862 113.324806213399995,-7.9889211655 113.324974060100004,-7.9885721207 113.324974060100004,-7.9882831573 113.325027465800005,-7.9880514145 113.325027465800005,-7.9878201485 113.325027465800005,-7.9875302315 113.325027465800005,-7.9871835709 113.324966430700002,-7.9868373871 113.324905395499997,-7.9864897728 113.324844360399993,-7.9862589836 113.32472229,-7.985970974 113.324539184599999,-7.9857411385 113.324356079099999,-7.9853377342 113.324180603,-7.9850492477 113.323944091800001,-7.9848203659 113.323768615700004,-7.9845900536 113.323593139699994,-7.984360218 113.323417663599997,-7.9840722084 113.3232421875,-7.9837841988 113.323181152299995,-7.9835534096 113.323059082,-7.9833812714 113.322998046899997,-7.983092308 113.322883606,-7.9828033447 113.322769165,-7.9824571609 113.322593689,-7.982111454 113.322517862400005,-7.9818602787 113.323714468899993,-7.9819325436 113.330809803600005,-7.9822615612 113.336852282099997,-7.9822243679 113.341994492400005,-7.9818405141 113.347342696300004,-7.98128786 113.348715986800002,-7.9852045994 113.350486005799993,-7.9885214779 113.352126325100002,-7.9910921064 113.353293622099997,-7.9926899873 113.355109417400001,-7.9957760766 113.356017315,-7.99892034 113.348548140199995,-7.9990581459 113.343383041699994,-7.999672312 113.337210863500005,-7.9991253799 113.334502429300002,-7.9982532449 113.330931873799997,-7.9967202139 113.326950698800005,-7.9952402593</coordinates></LinearRing></outerBoundaryIs></Polygon></MultiGeometry>
  </Placemark>
</Folder>
</Document></kml>
